[
            [
                [
                    21.01906485,
                    105.83014598951874
                ],
                [
                    21.0188353,
                    105.8300267
                ],
                [
                    21.0181966,
                    105.8296874
                ],
                [
                    21.017048,
                    105.8311864
                ],
                [
                    21.0160018,
                    105.8324426
                ],
                [
                    21.0142617,
                    105.8341068
                ],
                [
                    21.0140095,
                    105.8343479
                ],
                [
                    21.012584,
                    105.8357022
                ],
                [
                    21.0112762,
                    105.8369351
                ],
                [
                    21.0101994,
                    105.8377057
                ],
                [
                    21.0087694,
                    105.83906
                ],
                [
                    21.0082245,
                    105.8397371
                ],
                [
                    21.0079019,
                    105.8404096
                ],
                [
                    21.0076852,
                    105.8413643
                ],
                [
                    21.0139166,
                    105.8413928
                ],
                [
                    21.017273,
                    105.8414051
                ],
                [
                    21.01906485,
                    105.84141664187744
                ]
            ],
            [
                [
                    21.0295599,
                    105.8391429
                ],
                [
                    21.0297506,
                    105.8384777
                ],
                [
                    21.0301779,
                    105.8369865
                ],
                [
                    21.03043,
                    105.836107
                ],
                [
                    21.0304393,
                    105.836074
                ],
                [
                    21.0304445,
                    105.8360554
                ],
                [
                    21.0297208,
                    105.8355483
                ],
                [
                    21.0277801,
                    105.8341737
                ],
                [
                    21.027759,
                    105.8342273
                ],
                [
                    21.0254569,
                    105.8331664
                ],
                [
                    21.0253007,
                    105.8330954
                ],
                [
                    21.0227543,
                    105.8319382
                ],
                [
                    21.020348,
                    105.8308128
                ],
                [
                    21.01906485,
                    105.83014598951874
                ],
                [
                    21.01906485,
                    105.84141664187744
                ],
                [
                    21.0206574,
                    105.8414269
                ],
                [
                    21.0223312,
                    105.8414762
                ],
                [
                    21.0266392,
                    105.8415214
                ],
                [
                    21.027386,
                    105.8415468
                ],
                [
                    21.0276316,
                    105.8415518
                ],
                [
                    21.0277198,
                    105.8415536
                ],
                [
                    21.0282601,
                    105.8415596
                ],
                [
                    21.0287502,
                    105.8415672
                ],
                [
                    21.0288646,
                    105.841569
                ]
            ]
        ]